1 0.4326171875 0.21484375 0.759765625 0.1611328125
1 0.4326171875 0.375 0.833984375 0.150390625
1 0.509765625 0.517578125 0.701171875 0.208984375
3 0.87109375 0.716796875 0.2001953125 0.1376953125
3 0.6455078125 0.7119140625 0.2001953125 0.134765625
3 0.431640625 0.712890625 0.1826171875 0.1328125
2 0.205078125 0.69921875 0.146484375 0.119140625
2 0.9130859375 0.2939453125 0.0859375 0.2734375
0 0.5341796875 0.833984375 0.603515625 0.09375
0 0.9111328125 0.8408203125 0.177734375 0.064453125
0 0.0419921875 0.5810546875 0.083984375 0.2373046875
0 0.138671875 0.828125 0.181640625 0.072265625
0 0.021484375 0.7783203125 0.0419921875 0.1533203125
0 0.91015625 0.173828125 0.1513671875 0.0703125