3 0.6630859375 0.41015625 0.1201171875 0.1220703125
3 0.6982421875 0.4794921875 0.0908203125 0.107421875
3 0.7998046875 0.392578125 0.1298828125 0.1171875
3 0.830078125 0.455078125 0.1328125 0.1123046875
3 0.8486328125 0.529296875 0.1201171875 0.125
3 0.876953125 0.599609375 0.1142578125 0.126953125
1 0.3310546875 0.369140625 0.5107421875 0.201171875
1 0.580078125 0.248046875 0.494140625 0.193359375
1 0.4990234375 0.1015625 0.5126953125 0.201171875
1 0.390625 0.8837890625 0.5283203125 0.1533203125
1 0.2412109375 0.580078125 0.3984375 0.2216796875
1 0.517578125 0.630859375 0.447265625 0.2060546875
1 0.263671875 0.7607421875 0.4580078125 0.123046875
1 0.763671875 0.744140625 0.4638671875 0.1328125