1 0.82734375 0.478125 0.3296875 0.91796875
1 0.39921875 0.209375 0.71640625 0.1828125
3 0.5921875 0.38203125 0.14453125 0.1921875
3 0.2484375 0.3765625 0.13671875 0.15625
3 0.3671875 0.44140625 0.10078125 0.1078125
3 0.45703125 0.4171875 0.0984375 0.11796875
3 0.209375 0.6078125 0.28125 0.14921875
0 0.58359375 0.62265625 0.0671875 0.2359375
0 0.4859375 0.6078125 0.0734375 0.2453125
2 0.078125 0.3875 0.08671875 0.28125
2 0.38046875 0.87421875 0.53671875 0.06953125
2 0.37578125 0.70234375 0.0640625 0.134375
2 0.28046875 0.70078125 0.05859375 0.13046875
