1 0.484375 0.263671875 0.072265625 0.2705078125
1 0.736328125 0.25 0.1015625 0.5
1 0.865234375 0.2177734375 0.0908203125 0.263671875
1 0.951171875 0.271484375 0.095703125 0.1591796875
2 0.28515625 0.201171875 0.044921875 0.064453125
2 0.2265625 0.267578125 0.052734375 0.0546875
2 0.126953125 0.248046875 0.041015625 0.0439453125
2 0.51953125 0.0947265625 0.0546875 0.1123046875
2 0.2646484375 0.646484375 0.09375 0.087890625
2 0.326171875 0.736328125 0.119140625 0.1357421875
2 0.501953125 0.8076171875 0.1455078125 0.228515625
2 0.7802734375 0.689453125 0.080078125 0.126953125
1 0.0947265625 0.392578125 0.060546875 0.1015625