3 0.25 0.6953125 0.22421875 0.29140625
3 0.4015625 0.775 0.23984375 0.3453125
3 0.646875 0.765625 0.2828125 0.28984375
3 0.7859375 0.6765625 0.34765625 0.2828125
3 0.834375 0.55078125 0.29375 0.171875
3 0.8203125 0.3921875 0.30859375 0.17578125
3 0.72578125 0.25703125 0.28125 0.28125
3 0.621875 0.165625 0.221875 0.27109375
3 0.42578125 0.18203125 0.1875 0.278125
3 0.3015625 0.2125 0.24296875 0.2796875
3 0.18125 0.27421875 0.27421875 0.1875
3 0.13515625 0.4203125 0.23828125 0.18203125
3 0.165625 0.5828125 0.26875 0.25390625
