3 0.16796875 0.28437500000000004 0.16796875 0.040625 0.0054687500000000005 0.040625 0.0054687500000000005 0.28437500000000004 0.16796875 0.28437500000000004
3 0.1921875 0.49296875 0.1921875 0.28046875000000004 0.026562500000000003 0.28046875000000004 0.026562500000000003 0.49296875 0.1921875 0.49296875
3 0.3796875 0.42109375000000004 0.3796875 0.20859375000000002 0.2109375 0.20859375000000002 0.2109375 0.42109375000000004 0.3796875 0.42109375000000004
3 0.37031250000000004 0.22578125000000002 0.37031250000000004 0.013281250000000001 0.20468750000000002 0.013281250000000001 0.20468750000000002 0.22578125000000002 0.37031250000000004 0.22578125000000002
3 0.5726562500000001 0.23359375000000002 0.5726562500000001 0.033593750000000006 0.39296875000000003 0.033593750000000006 0.39296875000000003 0.23359375000000002 0.5726562500000001 0.23359375000000002
1 0.63671875 0.6515625 0.63671875 0.465625 0.01171875 0.465625 0.01171875 0.6515625 0.63671875 0.6515625
1 0.63984375 0.81953125 0.63984375 0.6414062500000001 0.0054687500000000005 0.6414062500000001 0.0054687500000000005 0.81953125 0.63984375 0.81953125
1 0.43515625 0.9734375000000001 0.43515625 0.8 0.01171875 0.8 0.01171875 0.9734375000000001 0.43515625 0.9734375000000001
1 0.79609375 0.8757812500000001 0.79609375 0.73046875 0.45390625 0.73046875 0.45390625 0.8757812500000001 0.79609375 0.8757812500000001
2 0.6984375 0.46015625000000004 0.6984375 0.06015625 0.6062500000000001 0.06015625 0.6062500000000001 0.46015625000000004 0.6984375 0.46015625000000004
2 0.8140625 0.6890625 1 0.6890625 1 0.1921875 0.8140625 0.1921875 0.8140625 0.6890625
2 0.6781250000000001 0.9476562500000001 1 0.9476562500000001 1 0.70859375 0.6781250000000001 0.70859375 0.6781250000000001 0.9476562500000001
2 0.625 0.4109375 0.625 0.18125000000000002 0.5437500000000001 0.18125000000000002 0.5437500000000001 0.4109375 0.625 0.4109375
2 0.9046875000000001 0.5585937500000001 0.9046875000000001 0.013281250000000001 0.6953125 0.013281250000000001 0.6953125 0.5585937500000001 0.9046875000000001 0.5585937500000001
2 0.6898437500000001 0.74765625 0.6898437500000001 0.6195312500000001 0.6429687500000001 0.6195312500000001 0.6429687500000001 0.74765625 0.6898437500000001 0.74765625