1 0.8031250000000001 0.5171875 0.8031250000000001 0.4109375 0.5765625000000001 0.4109375 0.5765625000000001 0.5171875 0.8031250000000001 0.5171875
3 0.6125 0.1703125 0.6125 0.07187500000000001 0.5109375 0.07187500000000001 0.5109375 0.1703125 0.6125 0.1703125
3 0.65625 0.234375 0.65625 0.1375 0.5593750000000001 0.1375 0.5593750000000001 0.234375 0.65625 0.234375
1 0.178125 0.2265625 0.178125 0.1296875 0.03125 0.1296875 0.03125 0.2265625 0.178125 0.2265625
1 0.27890625 0.38984375000000004 0.27890625 0.055468750000000004 0.18046875 0.055468750000000004 0.18046875 0.38984375000000004 0.27890625 0.38984375000000004
3 0.940625 0.20703125 0.940625 0.12265625000000001 0.7046875 0.12265625000000001 0.7046875 0.20703125 0.940625 0.20703125
2 0.5429687500000001 0.5390625000000001 0.5429687500000001 0.340625 0.46953125 0.340625 0.46953125 0.5390625000000001 0.5429687500000001 0.5390625000000001
2 0.884375 0.5335937500000001 0.884375 0.36953125000000003 0.8546875 0.36953125000000003 0.8546875 0.5335937500000001 0.884375 0.5335937500000001
2 0.9171875 0.5125000000000001 0.9171875 0.3296875 0.884375 0.3296875 0.884375 0.5125000000000001 0.9171875 0.5125000000000001
2 0.6453125000000001 0.7140625 0.6453125000000001 0.6046875 0.6015625 0.6046875 0.6015625 0.7140625 0.6453125000000001 0.7140625
2 0.63671875 0.8031250000000001 0.63671875 0.728125 0.6023437500000001 0.728125 0.6023437500000001 0.8031250000000001 0.63671875 0.8031250000000001
3 0.6640625 0.41250000000000003 0.6640625 0.35000000000000003 0.596875 0.35000000000000003 0.596875 0.41250000000000003 0.6640625 0.41250000000000003
2 0.5867187500000001 0.5453125000000001 0.5867187500000001 0.32656250000000003 0.54609375 0.32656250000000003 0.54609375 0.5453125000000001 0.5867187500000001 0.5453125000000001
2 0.84140625 0.55390625 0.84140625 0.32578125 0.7976562500000001 0.32578125 0.7976562500000001 0.55390625 0.84140625 0.55390625
2 0.72265625 0.82421875 0.72265625 0.59140625 0.67109375 0.59140625 0.67109375 0.82421875 0.72265625 0.82421875
2 0.6648437500000001 0.41250000000000003 0.6648437500000001 0.3484375 0.59765625 0.3484375 0.59765625 0.41250000000000003 0.6648437500000001 0.41250000000000003