1 0.7000000000000001 0.40156250000000004 0.7000000000000001 0.0328125 0.009375000000000001 0.0328125 0.009375000000000001 0.40156250000000004 0.7000000000000001 0.40156250000000004
3 0.49296875 0.4140625 0.49296875 0.2234375 0.31171875000000004 0.2234375 0.31171875000000004 0.4140625 0.49296875 0.4140625
3 0.5265625 0.5437500000000001 0.5265625 0.36250000000000004 0.3484375 0.36250000000000004 0.3484375 0.5437500000000001 0.5265625 0.5437500000000001
3 0.5945312500000001 0.37031250000000004 0.5945312500000001 0.2671875 0.48046875 0.2671875 0.48046875 0.37031250000000004 0.5945312500000001 0.37031250000000004
3 0.5726562500000001 0.6375000000000001 0.5726562500000001 0.42031250000000003 0.40390625 0.42031250000000003 0.40390625 0.6375000000000001 0.5726562500000001 0.6375000000000001
3 0.6585937500000001 0.48359375000000004 0.6585937500000001 0.33359375 0.5242187500000001 0.33359375 0.5242187500000001 0.48359375000000004 0.6585937500000001 0.48359375000000004
3 0.75703125 0.571875 0.75703125 0.40625 0.60859375 0.40625 0.60859375 0.571875 0.75703125 0.571875
3 0.88203125 0.7765625 0.88203125 0.49531250000000004 0.51484375 0.49531250000000004 0.51484375 0.7765625 0.88203125 0.7765625
3 0.91171875 0.7742187500000001 0.91171875 0.52109375 0.69453125 0.52109375 0.69453125 0.7742187500000001 0.91171875 0.7742187500000001
3 0.8656250000000001 0.67578125 1 0.67578125 1 0.5648437500000001 0.8656250000000001 0.5648437500000001 0.8656250000000001 0.67578125
3 0.8625 0.90390625 1 0.90390625 1 0.63203125 0.8625 0.63203125 0.8625 0.90390625
3 0.53828125 0.4390625 0.53828125 0.353125 0.40703125 0.353125 0.40703125 0.4390625 0.53828125 0.4390625