3 0.7060546875 0.60546875 0.328125 0.5341796875
3 0.091796875 0.681640625 0.171875 0.380859375
3 0.2880859375 0.59765625 0.1845703125 0.4638671875
3 0.470703125 0.5751953125 0.228515625 0.4453125
3 0.0751953125 0.169921875 0.150390625 0.263671875
3 0.2646484375 0.265625 0.390625 0.1796875
3 0.423828125 0.166015625 0.5048828125 0.2626953125
3 0.8310546875 0.3203125 0.330078125 0.154296875
3 0.7392578125 0.125 0.275390625 0.1875
3 0.9248046875 0.1572265625 0.150390625 0.1796875
3 0.7109375 0.037109375 0.29296875 0.07421875