3 0.2294921875 0.677734375 0.2392578125 0.5888671875
3 0.056640625 0.7939453125 0.11328125 0.384765625
3 0.501953125 0.6435546875 0.234375 0.634765625
3 0.6630859375 0.71484375 0.1982421875 0.484375
3 0.9111328125 0.7197265625 0.1767578125 0.396484375
3 0.365234375 0.2890625 0.171875 0.3955078125
3 0.734375 0.267578125 0.1904296875 0.3408203125
3 0.5908203125 0.158203125 0.193359375 0.31640625
3 0.2578125 0.12109375 0.1875 0.2421875
3 0.4375 0.080078125 0.109375 0.1591796875
3 0.912109375 0.099609375 0.1279296875 0.1982421875
3 0.078125 0.263671875 0.15625 0.3935546875
3 0.7529296875 0.0537109375 0.1328125 0.107421875
3 0.1484375 0.044921875 0.142578125 0.0888671875
3 0.0458984375 0.541015625 0.091796875 0.4033203125
3 0.8994140625 0.369140625 0.201171875 0.3330078125