3 0.361328125 0.615234375 0.193359375 0.376953125
3 0.142578125 0.6025390625 0.1640625 0.283203125
3 0.568359375 0.560546875 0.1611328125 0.3046875
3 0.736328125 0.638671875 0.171875 0.4189453125
3 0.9150390625 0.609375 0.166015625 0.3125
3 0.919921875 0.0791015625 0.1357421875 0.1533203125
3 0.603515625 0.2548828125 0.1533203125 0.263671875
3 0.2138671875 0.2412109375 0.125 0.275390625
3 0.33984375 0.21875 0.1201171875 0.2626953125
3 0.7001953125 0.052734375 0.0888671875 0.0986328125
3 0.478515625 0.2509765625 0.142578125 0.2626953125
3 0.9501953125 0.326171875 0.099609375 0.1796875
3 0.017578125 0.6171875 0.03515625 0.31640625
3 0.77734375 0.3310546875 0.091796875 0.1845703125