1 0.38359375 0.3359375 0.165625 0.665625
1 0.64765625 0.34375 0.2859375 0.6390625
3 0.759375 0.52421875 0.18515625 0.2359375
3 0.25 0.5265625 0.1734375 0.22109375
3 0.38359375 0.81484375 0.2328125 0.33671875
3 0.60546875 0.80625 0.21171875 0.3296875
3 0.7609375 0.80546875 0.396875 0.303125
3 0.21484375 0.80390625 0.34140625 0.2046875
0 0.09921875 0.62890625 0.1953125 0.15390625
0 0.16328125 0.5578125 0.2046875 0.28125
0 0.20390625 0.91328125 0.32421875 0.1578125
0 0.83203125 0.5375 0.18671875 0.228125
0 0.83515625 0.87265625 0.28984375 0.16796875
