1 0.470703125 0.0869140625 0.9375 0.1689453125
1 0.48828125 0.3193359375 0.9716796875 0.1826171875
3 0.837890625 0.68359375 0.208984375 0.1328125
3 0.4677734375 0.7451171875 0.2265625 0.134765625
3 0.5361328125 0.841796875 0.2734375 0.142578125
3 0.59765625 0.9287109375 0.279296875 0.142578125
0 0.1494140625 0.6240234375 0.0908203125 0.255859375
0 0.2861328125 0.60546875 0.064453125 0.248046875
0 0.029296875 0.744140625 0.05859375 0.171875
2 0.306640625 0.8662109375 0.177734375 0.25
2 0.861328125 0.322265625 0.255859375 0.060546875
0 0.833984375 0.103515625 0.314453125 0.0654296875
1 0.59375 0.5634765625 0.685546875 0.298828125
0 0.3876953125 0.5986328125 0.0849609375 0.302734375
2 0.0625 0.62109375 0.1005859375 0.2685546875