1 0.494140625 0.748046875 0.490234375 0.2138671875
1 0.470703125 0.232421875 0.4140625 0.1875
3 0.87109375 0.517578125 0.1142578125 0.115234375
3 0.91015625 0.603515625 0.1279296875 0.1142578125
2 0.8974609375 0.7138671875 0.1279296875 0.0546875
2 0.9013671875 0.7919921875 0.134765625 0.052734375
0 0.7998046875 0.71484375 0.0517578125 0.162109375
1 0.080078125 0.4912109375 0.095703125 0.3076171875
2 0.1455078125 0.7666015625 0.142578125 0.1513671875
2 0.939453125 0.298828125 0.0546875 0.259765625
2 0.169921875 0.2578125 0.119140625 0.142578125