3 0.16015625 0.83515625 0.2171875 0.28359375
3 0.403125 0.81484375 0.2140625 0.265625
3 0.6328125 0.8125 0.196875 0.271875
3 0.88359375 0.81796875 0.22734375 0.29453125
3 0.1296875 0.51015625 0.2171875 0.2890625
3 0.38671875 0.50546875 0.2203125 0.29453125
3 0.62578125 0.47109375 0.21015625 0.2484375
3 0.8640625 0.44765625 0.23828125 0.271875
3 0.1140625 0.16171875 0.22734375 0.2890625
3 0.35 0.15859375 0.23125 0.30625
3 0.58984375 0.14765625 0.24140625 0.29453125
3 0.86953125 0.14140625 0.2171875 0.2828125
