1 0.7742187500000001 0.90625 0.7742187500000001 0.6156250000000001 0.24765625000000002 0.6156250000000001 0.24765625000000002 0.90625 0.7742187500000001 0.90625
1 0.49140625000000004 0.62265625 0.49140625000000004 0.23828125 0.32578125 0.23828125 0.32578125 0.62265625 0.49140625000000004 0.62265625
1 0.67890625 0.6257812500000001 0.67890625 0.23828125 0.51328125 0.23828125 0.51328125 0.6257812500000001 0.67890625 0.6257812500000001
3 0.5046875000000001 0.27109375 0.5046875000000001 0.13203125000000002 0.27343750000000006 0.13203125000000002 0.27343750000000006 0.27109375 0.5046875000000001 0.27109375
3 0.73984375 0.28671875 0.73984375 0.10546875 0.53828125 0.10546875 0.53828125 0.28671875 0.73984375 0.28671875
3 0.28359375000000003 0.5671875000000001 0.28359375000000003 0.3484375 0.18203125 0.3484375 0.18203125 0.5671875000000001 0.28359375000000003 0.5671875000000001
3 0.8054687500000001 0.5664062500000001 0.8054687500000001 0.34453125 0.7117187500000001 0.34453125 0.7117187500000001 0.5664062500000001 0.8054687500000001 0.5664062500000001
0 0.60078125 0.109375 0.60078125 0.040625 0.40390625 0.040625 0.40390625 0.109375 0.60078125 0.109375
1 0.16953125000000002 0.9203125000000001 0.16953125000000002 1 0.99140625 1 0.99140625 0.9203125000000001 0.16953125000000002 0.9203125000000001
2 0.9625 0.80234375 1 0.80234375 1 0.25390625000000006 0.9625 0.25390625000000006 0.9625 0.80234375
2 0.037500000000000006 0.15078125 0 0.15078125 0 0.74921875 0.037500000000000006 0.74921875 0.037500000000000006 0.15078125