3 0.234375 0.3017578125 0.267578125 0.208984375
3 0.380859375 0.4150390625 0.267578125 0.2138671875
3 0.4951171875 0.572265625 0.2451171875 0.216796875
3 0.73828125 0.5732421875 0.244140625 0.21875
3 0.86328125 0.68359375 0.1298828125 0.1328125
3 0.189453125 0.619140625 0.275390625 0.181640625
3 0.2587890625 0.74609375 0.267578125 0.1953125
1 0.4892578125 0.162109375 0.966796875 0.314453125
1 0.685546875 0.330078125 0.6279296875 0.4013671875
0 0.369140625 0.8017578125 0.2392578125 0.2998046875
0 0.455078125 0.826171875 0.1328125 0.166015625