3 0.8054687500000001 0.83359375 0.8054687500000001 0.5726562500000001 0.46015625000000004 0.5726562500000001 0.46015625000000004 0.83359375 0.8054687500000001 0.83359375
3 0.43125 0.9398437500000001 0.43125 0.70078125 0.1046875 0.70078125 0.1046875 0.9398437500000001 0.43125 0.9398437500000001
3 0.125 0.48750000000000004 0 0.48750000000000004 0 0.609375 0.125 0.609375 0.125 0.48750000000000004
3 0.0578125 0.31640625 0 0.31640625 0 0.44921875 0.0578125 0.44921875 0.0578125 0.31640625
3 0.13281250000000003 0.15703125 0 0.15703125 0 0.29609375000000004 0.13281250000000003 0.29609375000000004 0.13281250000000003 0.15703125
3 0.10078125 0.13203125000000002 0.10078125 0.02734375 0.00078125 0.02734375 0.00078125 0.13203125000000002 0.10078125 0.13203125000000002
3 0.30312500000000003 0.14765625000000002 0.30312500000000003 0.030468750000000003 0.1546875 0.030468750000000003 0.1546875 0.14765625000000002 0.30312500000000003 0.14765625000000002
3 0.54609375 0.16953125000000002 0.54609375 0.03828125 0.34921875 0.03828125 0.34921875 0.16953125000000002 0.54609375 0.16953125000000002
3 0.81171875 0.17343750000000002 0.81171875 0.0421875 0.57578125 0.0421875 0.57578125 0.17343750000000002 0.81171875 0.17343750000000002
3 0.9984375000000001 0.1796875 0.9984375000000001 0.07187500000000001 0.828125 0.07187500000000001 0.828125 0.1796875 0.9984375000000001 0.1796875
3 0.8125 0.35546875 0.8125 0.19140625 0.49843750000000003 0.19140625 0.49843750000000003 0.35546875 0.8125 0.35546875
3 0.47421875 0.32421875 0.47421875 0.18515625000000002 0.29765625 0.18515625000000002 0.29765625 0.32421875 0.47421875 0.32421875
3 0.31562500000000004 0.33359375 0.31562500000000004 0.25546875 0.1921875 0.25546875 0.1921875 0.33359375 0.31562500000000004 0.33359375
3 0.43203125000000003 0.62265625 0.43203125000000003 0.44140625 0.16953125000000002 0.44140625 0.16953125000000002 0.62265625 0.43203125000000003 0.62265625
3 0.784375 0.5335937500000001 0.784375 0.35859375000000004 0.40156250000000004 0.35859375000000004 0.40156250000000004 0.5335937500000001 0.784375 0.5335937500000001
3 0.846875 0.67890625 1 0.67890625 1 0.54609375 0.846875 0.54609375 0.846875 0.67890625
3 0.9984375000000001 0.5429687500000001 0.9984375000000001 0.39453125 0.7734375 0.39453125 0.7734375 0.5429687500000001 0.9984375000000001 0.5429687500000001
3 0.9968750000000001 0.32265625000000003 0.9968750000000001 0.21171875 0.76875 0.21171875 0.76875 0.32265625000000003 0.9968750000000001 0.32265625000000003
3 0.99921875 0.14375000000000002 0.99921875 0.0140625 0.94296875 0.0140625 0.94296875 0.14375000000000002 0.99921875 0.14375000000000002