2 0.27187500000000003 0.675 0.27187500000000003 0.5515625000000001 0.0015625 0.5515625000000001 0.0015625 0.675 0.27187500000000003 0.675
2 0.25625000000000003 0.828125 0 0.828125 0 0.984375 0.25625000000000003 0.984375 0.25625000000000003 0.828125
2 0.8765625 0.3796875 0.8765625 0.16875 0.3125 0.16875 0.3125 0.3796875 0.8765625 0.3796875
2 0.8539062500000001 0.596875 0.8539062500000001 0.3484375 0.27734375000000006 0.3484375 0.27734375000000006 0.596875 0.8539062500000001 0.596875
2 0.88984375 0.921875 0.88984375 0.6640625 0.26328125 0.6640625 0.26328125 0.921875 0.88984375 0.921875
2 0.11640625 0.9703125 0.11640625 0.37031250000000004 0.07109375000000001 0.37031250000000004 0.07109375000000001 0.9703125 0.11640625 0.9703125
2 0.7375 0.9812500000000001 0.7375 0.16875 0.659375 0.16875 0.659375 0.9812500000000001 0.7375 0.9812500000000001
2 0.89609375 0.878125 0.89609375 0.353125 0.84296875 0.353125 0.84296875 0.878125 0.89609375 0.878125
2 0.26796875000000003 0.9296875 0.26796875000000003 0.4421875 0.21015625000000002 0.4421875 0.21015625000000002 0.9296875 0.26796875000000003 0.9296875
2 0.26640625 0.8617187500000001 0.26640625 0.31953125000000004 0.21484375 0.31953125000000004 0.21484375 0.8617187500000001 0.26640625 0.8617187500000001
2 0.27656250000000004 0.8421875000000001 0.27656250000000004 0.48281250000000003 0.19843750000000002 0.48281250000000003 0.19843750000000002 0.8421875000000001 0.27656250000000004 0.8421875000000001
1 0.34296875000000004 0.5507812500000001 0.34296875000000004 0.35546875 0.28046875000000004 0.35546875 0.28046875000000004 0.5507812500000001 0.34296875000000004 0.5507812500000001
2 0.99921875 0.9484375 0.99921875 0.2859375 0.94296875 0.2859375 0.94296875 0.9484375 0.99921875 0.9484375