2 0.225 0.56015625 0 0.56015625 0 0.70234375 0.225 0.70234375 0.225 0.56015625
2 0.1875 0.8328125000000001 0 0.8328125000000001 0 0.9812500000000001 0.1875 0.9812500000000001 0.1875 0.8328125000000001
2 0.209375 0.2421875 0.209375 1 0.28906250000000006 1 0.28906250000000006 0.2421875 0.209375 0.2421875
2 0.7703125000000001 0.9734375000000001 0.7703125000000001 0.21875 0.6531250000000001 0.21875 0.6531250000000001 0.9734375000000001 0.7703125000000001 0.9734375000000001
2 0.8382812500000001 0.38359375 0.8382812500000001 0.17109375000000002 0.30703125000000003 0.17109375000000002 0.30703125000000003 0.38359375 0.8382812500000001 0.38359375
2 0.853125 0.61875 0.853125 0.33906250000000004 0.30000000000000004 0.33906250000000004 0.30000000000000004 0.61875 0.853125 0.61875
2 0.84375 0.9304687500000001 0.84375 0.69140625 0.27343750000000006 0.69140625 0.27343750000000006 0.9304687500000001 0.84375 0.9304687500000001
1 0.36875 0.62109375 0.36875 0.46640625 0.26875000000000004 0.46640625 0.26875000000000004 0.62109375 0.36875 0.62109375
2 0.9078125 0.915625 0.9078125 0.3125 0.8515625 0.3125 0.8515625 0.915625 0.9078125 0.915625
2 0.73984375 0.88984375 0.73984375 0.5398437500000001 0.67890625 0.5398437500000001 0.67890625 0.88984375 0.73984375 0.88984375
2 0.7445312500000001 0.6585937500000001 0.7445312500000001 0.10390625 0.6820312500000001 0.10390625 0.6820312500000001 0.6585937500000001 0.7445312500000001 0.6585937500000001
2 0.2859375 0.5820312500000001 0.2859375 0.18671875000000002 0.23125 0.18671875000000002 0.23125 0.5820312500000001 0.2859375 0.5820312500000001
2 0.125 0.62109375 0.125 0.41328125000000004 0.07500000000000001 0.41328125000000004 0.07500000000000001 0.62109375 0.125 0.62109375
2 0.99921875 0.925 0.99921875 0.2109375 0.94921875 0.2109375 0.94921875 0.925 0.99921875 0.925
2 0.07734375 0.5531250000000001 0.07734375 1 0.14765625000000002 1 0.14765625000000002 0.5531250000000001 0.07734375 0.5531250000000001