1 0.6156250000000001 0.84765625 0.6156250000000001 0.00078125 0.23750000000000002 0.00078125 0.23750000000000002 0.84765625 0.6156250000000001 0.84765625
1 0.4890625 0.9085937500000001 0.4890625 0.66953125 0.40625 0.66953125 0.40625 0.9085937500000001 0.4890625 0.9085937500000001
1 0.5742187500000001 0.9265625000000001 0.5742187500000001 0.671875 0.48828125 0.671875 0.48828125 0.9265625000000001 0.5742187500000001 0.9265625000000001
1 0.6578125 0.925 0.6578125 0.6734375 0.5515625000000001 0.6734375 0.5515625000000001 0.925 0.6578125 0.925
1 0.62265625 0.6687500000000001 0.62265625 1 0.80390625 1 0.80390625 0.6687500000000001 0.62265625 0.6687500000000001
1 0.6687500000000001 0.665625 0.6687500000000001 1 0.8921875 1 0.8921875 0.665625 0.6687500000000001 0.665625
1 0.7140625 0.6531250000000001 0.7140625 1 0.971875 1 0.971875 0.6531250000000001 0.7140625 0.6531250000000001
1 0.4265625 0.92734375 0.4265625 0.67109375 0.3515625 0.67109375 0.3515625 0.92734375 0.4265625 0.92734375
1 0.41484375 0.92734375 0.41484375 0.7132812500000001 0.35546875 0.7132812500000001 0.35546875 0.92734375 0.41484375 0.92734375
3 0.08671875000000001 0.7445312500000001 0.08671875000000001 0.68671875 0.02890625 0.68671875 0.02890625 0.7445312500000001 0.08671875000000001 0.7445312500000001
1 0.9164062500000001 0.8078125 0.9164062500000001 1 0.99921875 1 0.99921875 0.8078125 0.9164062500000001 0.8078125