3 0.5492187500000001 0.5882812500000001 0.5492187500000001 0.47890625000000003 0.48828125 0.47890625000000003 0.48828125 0.5882812500000001 0.5492187500000001 0.5882812500000001
1 0.13046875000000002 0.7351562500000001 0.13046875000000002 0.5117187500000001 0.08515625 0.5117187500000001 0.08515625 0.7351562500000001 0.13046875000000002 0.7351562500000001
1 0.23750000000000002 0.6195312500000001 0.23750000000000002 0.45546875000000003 0.178125 0.45546875000000003 0.178125 0.6195312500000001 0.23750000000000002 0.6195312500000001
1 0.24765625000000002 0.45625000000000004 0.24765625000000002 0.325 0.21328125 0.325 0.21328125 0.45625000000000004 0.24765625000000002 0.45625000000000004
1 0.3453125 0.3953125 0.3453125 0.3015625 0.3171875 0.3015625 0.3171875 0.3953125 0.3453125 0.3953125
1 0.415625 0.39453125 0.415625 0.28671875 0.39375000000000004 0.28671875 0.39375000000000004 0.39453125 0.415625 0.39453125
1 0.8562500000000001 0.71875 0.8562500000000001 0.496875 0.8140625 0.496875 0.8140625 0.71875 0.8562500000000001 0.71875
1 0.5578125 0.44765625000000003 0.5578125 0.36484375 0.5328125 0.36484375 0.5328125 0.44765625000000003 0.5578125 0.44765625000000003
1 0.6203125 0.4390625 0.6203125 0.328125 0.5875 0.328125 0.5875 0.4390625 0.6203125 0.4390625
1 0.48984375 0.478125 0.48984375 0.37343750000000003 0.46953125 0.37343750000000003 0.46953125 0.478125 0.48984375 0.478125
1 0.5664062500000001 0.39453125 0.5664062500000001 0.26640625 0.5335937500000001 0.26640625 0.5335937500000001 0.39453125 0.5664062500000001 0.39453125
1 0.496875 0.38593750000000004 0.496875 0.28437500000000004 0.478125 0.28437500000000004 0.478125 0.38593750000000004 0.496875 0.38593750000000004