3 0.53671875 0.9773437500000001 0.53671875 0.59921875 0.26171875000000006 0.59921875 0.26171875000000006 0.9773437500000001 0.53671875 0.9773437500000001
3 0.74921875 0.6898437500000001 0.74921875 0.31015625 0.53671875 0.31015625 0.53671875 0.6898437500000001 0.74921875 0.6898437500000001
3 0.8601562500000001 0.6570312500000001 0.8601562500000001 0.30859375 0.61328125 0.30859375 0.61328125 0.6570312500000001 0.8601562500000001 0.6570312500000001
3 0.47578125000000004 0.296875 0.47578125000000004 0.10625000000000001 0.17265625 0.10625000000000001 0.17265625 0.296875 0.47578125000000004 0.296875
1 0.59375 0.14921875 0.59375 0.00390625 0.004687500000000001 0.00390625 0.004687500000000001 0.14921875 0.59375 0.14921875
2 0.41015625 0.69921875 0.41015625 0.49609375 0.28203125 0.49609375 0.28203125 0.69921875 0.41015625 0.69921875
2 0.28203125 0.7984375 0.28203125 0.5671875000000001 0.039843750000000004 0.5671875000000001 0.039843750000000004 0.7984375 0.28203125 0.7984375
0 0.7328125000000001 0.26953125000000006 0.7328125000000001 0.09453125000000001 0.353125 0.09453125000000001 0.353125 0.26953125000000006 0.7328125000000001 0.26953125000000006
2 0.2625 0.15000000000000002 0 0.15000000000000002 0 0.4375 0.2625 0.4375 0.2625 0.15000000000000002
3 0 0.7828125 0 1 0.34375 1 0.34375 0.7828125 0 0.7828125
3 0.56171875 0.628125 0.56171875 1 0.91171875 1 0.91171875 0.628125 0.56171875 0.628125